9 0
7 87
9 70
1 226
1 104
4 96
8 11
9 87
2 131
0 3
5 13
5 100
2 342
2 9
1 93
7 210
7 111
7 37
4 163
3 115
6 40
0 93
2 104
3 45
5 57
6 8
6 140
3 39
9 11
7 153
1 14
5 67
8 41
9 25
2 179
6 15
1 229
3 29
4 120
1 68
3 21
7 73
6 60
2 58
4 158
6 343
7 82
5 98
6 103
6 226
5 107
7 33
3 3
3 30
3 42
0 6
6 147
8 228
3 112
2 53
1 8
5 165
1 46
5 456
3 271
7 191
0 221
6 16
8 259
6 42
1 47
5 156
7 32
5 269
2 26
1 36
9 40
5 55
0 17
2 34
3 56
3 494
7 153
6 41
4 42
1 78
3 183
4 137
1 26
7 56
8 150
3 3
7 24
4 394
2 13
4 7
1 81
7 92
8 189
5 41
4 222
3 347
9 31
8 64
7 27
0 42
8 36
1 174
8 42
0 111
9 57
2 5
6 41
0 19
5 47
4 1
4 35
8 21
5 2
5 115
0 13
4 64
3 261
1 131
7 12
3 88
8 108
2 378
6 14
3 16
2 442
2 66
4 36
9 159
5 16
9 60
5 71
5 92
5 152
1 32
4 33
9 29
5 76
9 7
6 20
2 119
2 55
3 49
4 184
6 70
2 9
4 34
5 19
8 1
5 129
7 30
6 76
7 84
7 11
4 61
7 100
4 267
1 45
5 128
5 15
0 85
9 170
4 200
6 7
7 227
5 16
2 2
6 17
9 71
6 229
4 20
1 56
2 11
9 23
1 77
4 2
8 270
0 11
8 3
9 73
6 138
8 42
6 99
8 8
8 35
9 40
6 89
5 104
9 170
4 36
8 32
3 396
8 42
0 33
7 21
4 9
7 103
4 15
5 34
1 2
3 66
1 173
5 33
6 28
3 125
2 209
7 28
4 129
8 28
3 15
5 44
3 61
6 128
8 150
2 27
3 93
2 307
4 98
9 87
0 15
0 21
7 105
6 92
0 277
6 70
2 39
5 35
9 9
3 5
3 85
7 97
7 160
1 4
8 11
7 310
1 21
9 46
9 3
4 125
4 341
8 47
7 294
9 22
6 60
9 87
2 106
9 164
9 29
1 161
3 51
4 36
0 58
2 116
1 46
8 188
3 62
4 115
7 46
4 10
8 71
8 22
9 40
2 155
6 16
9 48
4 216
0 269
5 17
4 14
8 14
8 49
6 216
1 76
7 56
5 59
8 89
7 153
7 15
2 76
6 51
0 15
1 12
0 570
4 120
7 57
3 76
6 90
2 8
8 116
1 22
8 90
6 242
3 45
5 364
4 16
7 67
0 76
9 34
2 69
6 49
4 92
9 97
9 15
2 72
8 216
6 51
0 3
8 133
0 340
8 107
0 78
2 44
6 60
9 98
6 90
1 131
3 32
9 9
0 43
5 5
6 33
7 54
0 74
2 118
0 137
6 40
2 173
5 160
5 69
1 171
2 122
6 75
0 66
7 107
1 59
1 22
1 170
3 24
0 56
5 39
0 132
5 52
9 163
6 2
2 9
5 78
2 233
3 60
6 16
8 109
3 43
3 132
8 16
9 8
6 109
7 95
7 33
8 179
5 86
6 165
8 14
7 129
5 121
0 713
1 143
3 4
8 37
7 26
0 1
7 9
0 45
1 144
3 84
8 27
0 147
5 97
0 82
8 83
8 17
9 230
5 129
5 1
2 134
7 7
4 24
9 329
6 31
6 112
9 135
4 21
9 460
1 25
1 274
0 33
8 61
4 133
9 131
2 164
5 5
0 52
6 214
7 40
2 70
0 45
3 39
7 161
2 138
0 97
0 108
6 21
9 81
3 61
8 76
3 76
8 196
6 105
1 10
2 66
9 3
0 160
8 60
3 56
2 46
1 42
9 33
7 89
6 177
0 127
1 619
4 7
8 6
7 35
4 110
7 5
9 167
7 13
6 17
7 68
0 1
7 197
5 231
8 27
2 151
1 81
4 73
8 7
0 159
7 6
7 7
2 112
1 77
4 49
5 122
0 151
7 27
1 18
1 43
9 80
5 58
1 18
0 40
0 117
8 196
6 8
1 126
9 91
3 264
8 140
7 159
2 38
4 40
7 49
5 79
1 260
4 183
4 36
7 37
9 21
7 11
1 27
2 112
0 14
8 82
9 38
2 116
0 183
6 54
0 9
2 70
1 33
3 36
8 178
2 7
6 64
1 148
2 152
9 26
3 50
3 178
6 258
7 143
8 238
0 12
6 78
7 421
8 177
4 140
0 72
7 515
4 75
6 85
3 752
8 65
5 165
6 24
7 273
0 163
6 231
2 55
7 201
3 247
1 248
8 346
3 675
2 66
0 149
2 254
3 58
2 31
1 3
7 177
5 216
1 91
6 67
1 121
1 80
4 192
5 102
4 310
3 155
3 30
8 43
8 17
1 164
7 25
8 19
5 92
1 357
4 44
5 85
4 56
6 108
8 100
0 102
2 15
4 49
5 76
0 141
6 63
3 191
6 60
1 92
1 13
6 28
9 39
3 150
6 9
0 72
6 45
6 205
3 102
7 23
3 439
1 105
8 13
2 7
5 24
3 197
4 21
6 34
3 6
5 58
8 262
9 22
7 15
7 10
9 99
8 11
1 43
6 127
3 200
1 10
3 88
0 81
7 90
1 114
7 1
3 252
1 21
7 653
3 11
1 95
0 68
5 82
1 54
4 85
0 78
3 16
7 46
0 23
9 28
2 118
2 110
0 37
6 22
2 196
0 9
1 377
1 81
4 193
2 445
0 235
6 2
5 101
2 33
0 4
9 135
4 70
5 21
2 137
0 71
2 20
2 23
7 65
4 46
1 329
0 76
5 36
1 73
9 20
4 22
8 97
8 49
5 194
0 147
4 177
2 219
3 237
4 89
5 49
8 12
5 19
3 154
5 16
6 74
1 49
8 7
0 198
3 115
9 49
8 188
0 137
0 73
5 118
4 51
1 1
4 1
5 116
6 279
5 48
6 119
8 44
7 2
5 132
2 10
6 63
0 136
6 110
1 42
7 183
1 62
4 37
8 217
5 58
0 44
6 27
3 180
6 103
9 117
5 98
9 70
8 3
2 4
9 98
5 50
2 28
2 52
9 77
6 229
1 28
7 287
7 200
5 5
7 21
6 63
9 83
2 53
3 50
1 57
5 318
0 33
9 172
2 261
0 137
6 226
8 123
3 52
9 407
0 45
0 49
9 6
6 145
5 201
4 41
6 51
0 323
0 11
0 105
7 68
3 232
1 96
7 5
9 12
8 21
4 13
2 179
9 420
3 11
3 24
0 65
7 9
7 83
4 98
7 23
6 55
0 84
2 8
7 98
8 40
9 113
2 215
2 93
5 356
9 518
3 12
6 97
3 521
2 74
6 19
6 214
4 19
4 37
0 120
6 56
1 54
3 79
9 107
4 78
4 147
4 24
1 83
4 31
4 68
0 21
3 26
8 104
4 222
7 49
8 115
7 62
6 121
3 118
7 113
5 14
6 74
8 154
8 29
7 535
9 70
7 30
1 116
1 12
5 4
4 110
8 288
4 46
0 9
8 33
9 113
8 31
5 88
2 14
2 145
4 9
6 47
7 50
8 33
3 42
8 97
6 33
9 67
8 139
0 31
0 7
1 54
5 22
4 9
3 176
9 46
6 203
6 44
7 12
6 141
6 84
0 18
4 62
4 18
3 5
9 204
4 237
1 2
7 3
0 1
7 639
0 51
1 12
8 228
0 55
8 36
1 92
8 166
0 34
7 157
5 96
9 34
1 69
1 44
2 42
9 279
6 220
7 29
8 110
7 127
5 53
6 40
4 14
9 204
3 177
2 98
8 13
2 34
7 55
3 97
8 68
6 137
5 34
6 112
1 97
3 136
1 56
4 219
0 163
1 26
2 67
1 44
2 180
0 5
6 12
3 98
9 69
4 65
8 6
9 3
0 20
3 140
1 95
4 165
5 39
7 31
8 100
4 39
1 78
4 196
9 104
1 23
5 10
8 8
0 56
2 15
5 195
4 39
3 3
3 6
1 106
5 79
0 256
4 133
0 582
3 232
3 85
4 18
7 337
1 43
3 418
9 7
8 331
7 104
3 210
8 12
2 90
4 29
3 68
1 11
4 31
2 166
5 49
2 402
0 70
7 48
3 17
8 46
6 62
1 25
3 38
3 64
1 70
5 65
6 54
3 30
3 501
0 58
4 33
5 4
1 103
2 23
4 52
4 88
3 30
8 5
4 136
3 51
2 274
2 9
9 12
1 50
4 37
4 14
6 86
8 31
6 127
2 105
6 83
2 15
8 46
2 73
2 4
8 40
3 108
9 111
2 507
3 119
4 3
8 45
5 50
7 180
7 289
3 13
3 116
4 59
7 41
5 207
3 79
7 133
5 40
4 169
5 93
0 23
2 26
2 57
3 24
8 24
3 93
0 126
4 106
8 94
7 51
0 50
3 164
7 118
7 52
6 5
6 71
9 71
2 6
9 62
8 54
5 102
3 99
8 31
0 214
4 49
6 35
5 61
5 191
2 220
5 46
5 198
7 37
9 82
2 116
4 146
4 359
8 91
1 9
9 172
1 151
1 22
7 178
7 95
7 19
9 85
7 225
8 6
4 59
4 23
0 1
4 3
5 1
3 69
7 122
2 329
2 37
6 67
6 154
0 32
0 38
7 5
2 213
2 569
1 2
0 298
6 44
5 154
7 177
8 272
2 159
9 85
0 33
1 42
3 33
1 39
2 96
2 241
0 41
9 169
6 140
9 67
1 279
0 18
3 32
9 74
0 20
9 81
0 51
8 42
5 73
2 221
0 308
8 116
4 191
7 94
6 75
1 19
5 70
8 117
7 1
9 6
7 136
9 110
7 392
5 42
4 34
1 391
4 124
9 20
2 112
5 30
1 190
4 39
6 11
3 21
7 66
4 80
3 534
6 58
9 161
4 67
0 127
1 185
4 44
0 346
7 307
6 11
2 121
5 107
2 115
5 7
0 368
3 32
9 113
8 34
4 53
2 84
4 31
5 26
4 34
7 21
5 200
9 35
1 70
7 141
2 81
5 100
6 10
3 123
1 202
8 39
6 17
0 294
0 15
2 75
9 81
6 244
6 22
8 108
6 13
0 251
4 121
3 127
3 145
2 61
6 61
2 146
7 81
6 152
9 45
7 11
5 46
4 39
8 58
4 105
6 151
1 67
7 1
0 69
6 77
3 78
1 19
9 98
1 11
9 86
0 46
2 79
6 30
2 381
6 203
4 7
7 228
8 84
7 251
0 570
9 30
5 456
9 54
8 63
4 46
2 304
8 136
5 29
6 46
3 69
7 40
5 188
1 134
4 107
6 249
0 225
7 32
0 21
7 41
4 10
7 7
6 11
6 51
6 3
5 60
7 278
9 18
9 58
7 25
1 289
0 42
1 603
8 107
8 6
3 83
5 152
4 67
1 68
6 95
4 14
8 113
0 20
9 180
3 45
2 343
2 25
3 145
8 3
9 93
4 79
3 17
5 90
4 55
7 4
8 236
3 1
2 175
0 59
2 12
2 14
2 168
4 58
2 142
6 77
3 13
7 9
5 26
6 21
3 40
7 125
4 3
2 151
4 17
3 184
2 55
9 3
9 95
3 24
8 114
9 40
7 196
5 211
4 126
2 96
9 177
7 36
4 289
0 124
6 33
1 76
6 64
3 49
9 71
5 143
9 7
2 66
5 191
5 178
0 287
1 30
3 4
7 156
4 38
7 37
7 125
0 426
0 12
0 381
9 41
4 199
5 310
2 224
0 84
5 36
6 35
6 46
7 73
2 185
1 19
2 82
2 28
0 35
0 52
8 84
0 166
9 71
1 55
9 115
9 22
2 217
4 244
1 100
2 19
9 186
7 24
4 160
3 238
7 94
5 1
8 195
0 20
6 297
9 45
4 99
3 50
3 69
4 25
4 44
6 191
0 41
2 90
3 118
4 336
8 335
0 24
1 334
4 308
5 47
8 10
2 125
1 191
0 120
4 87
6 32
4 6
9 90
2 57
9 3
9 46
2 151
8 51
3 60
2 84
2 214
2 88
0 86
4 55
7 3
1 493
7 101
1 140
4 53
5 143
4 31
8 80
7 17
2 8
8 142
1 120
9 98
4 163
1 38
3 29
8 202
6 119
7 143
6 25
4 50
8 17
1 98
5 202
1 230
9 182
7 66
4 69
7 194
1 8
2 124
7 21
2 195
0 28
9 57
5 94
9 98
6 113
9 216
3 60
9 93
0 220
9 41
7 41
0 152
8 35
0 57
3 15
2 331
1 68
5 78
4 15
5 38
2 9
5 41
5 18
9 10
1 420
5 128
7 27
2 186
3 155
6 509
3 18
0 69
8 86
0 300
9 36
8 61
6 26
0 33
2 51
0 1
8 81
3 33
7 191
6 57
2 251
7 60
9 257
0 43
3 6
4 43
6 36
9 80
0 129
4 5
9 102
0 8
9 241
7 276
2 209
6 192
1 53
3 58
5 52
6 85
9 15
2 52
1 39
4 120
0 138
0 246
4 210
4 58
0 184
1 115
9 12
0 221
1 537
7 335
1 96
3 415
5 36
2 12
6 145
2 41
4 7
0 22
4 49
5 111
7 67
4 164
3 42
1 23
6 73
0 30
5 152
4 47
0 38
1 178
1 25
3 113
2 129
2 16
3 111
6 464
8 181
4 81
5 33
0 197
8 72
0 40
8 25
0 436
9 56
1 20
2 218
3 96
3 3
0 77
9 142
7 169
5 5
4 175
2 12
9 9
7 46
4 34
0 2
9 294
8 1
8 85
7 80
0 21
0 43
7 2
0 37
7 24
4 204
9 89
7 38
7 8
3 139
0 125
8 412
4 7
6 113
7 25
9 39
4 226
9 80
1 181
8 98
0 91
4 6
0 147
6 203
6 52
8 38
8 76
6 12
8 56
5 72
6 95
8 103
9 28
0 151
9 133
5 99
6 42
4 25
5 33
6 12
3 8
3 175
1 65
5 70
5 55
4 103
4 5
4 20
2 5
1 232
3 55
1 264
9 26
9 205
3 89
7 70
7 187
3 118
2 21
9 670
3 231
3 228
8 9
5 48
1 165
4 276
1 34
5 41
2 144
0 81
9 65
7 41
2 23
5 39
8 159
3 212
3 47
6 60
8 188
0 360
0 134
4 189
0 55
7 74
4 223
9 4
7 103
7 36
9 14
4 15
5 347
2 1016
6 43
4 86
5 2
2 49
4 4
5 461
0 14
6 3
8 44
7 128
1 110
4 71
7 14
6 231
7 35
7 302
1 617
0 112
5 285
3 91
5 58
9 172
2 126
6 87
4 228
4 114
0 115
9 57
7 35
0 60
6 46
6 12
5 1
8 109
8 42
3 197
2 195
6 6
7 334
6 174
4 89
0 60
2 30
0 103
8 61
0 74
1 6
4 153
1 71
8 1
7 138
4 9
8 73
2 48
9 83
5 28
1 17
6 2
8 236
8 40
6 61
5 182
6 16
9 114
6 185
7 91
0 27
6 118
5 180
2 58
3 146
0 22
5 11
9 99
3 53
3 141
7 91
4 100
6 341
8 188
1 82
0 105
3 20
8 189
0 144
0 75
1 100
7 331
1 53
8 3
9 68
3 236
5 21
8 129
0 83
5 20
3 155
9 28
5 17
7 126
2 168
4 125
6 2
6 33
1 3
6 117
4 90
9 187
6 188
9 31
4 84
1 28
6 249
4 63
7 64
6 191
1 54
6 7
6 106
8 24
5 420
3 28
4 22
8 203
6 805
5 34
2 57
5 88
4 24
1 172
8 44
7 65
5 61
5 167
7 47
5 74
9 222
9 90
0 116
2 66
9 102
1 27
3 64
4 48
1 14
8 15
6 87
7 22
7 25
2 151
4 105
7 20
3 53
7 49
2 21
0 91
1 57
2 128
8 408
4 42
5 51
5 12
5 78
1 115
5 229
1 48
9 120
4 211
3 104
0 84
6 27
9 104
6 16
0 59
2 40
6 163
3 245
9 98
9 503
6 106
1 77
4 22
4 94
9 27
6 64
5 190
7 188
7 22
2 123
5 274
9 269
5 95
4 60
3 107
7 125
7 24
8 3
4 50
0 99
2 6
6 89
2 196
7 10
4 38
4 92
1 2
1 200
3 65
0 59
2 45
5 4
4 240
6 58
2 31
5 33
2 54
5 26
8 30
3 110
6 314
2 45
5 26
0 10
3 71
7 105
2 6
8 313
6 87
0 23
0 4
1 32
4 111
2 131
3 300
8 55
0 56
6 128
3 29
6 122
6 47
7 236
2 50
7 146
9 13
1 5
6 206
0 7
3 314
6 104
7 86
3 52
7 229
2 162
1 19
0 173
0 161
2 47
1 207
9 87
7 44
2 101
5 23
5 184
4 77
1 163
6 14
5 18
9 212
2 74
2 38
3 97
7 13
7 35
2 105
5 183
7 342
4 437
7 59
4 31
3 176
9 20
6 28
5 147
0 269
0 98
7 133
2 26
8 13
8 2
7 119
1 17
1 109
8 38
3 6
9 73
9 42
9 84
9 4
4 48
2 27
9 9
1 62
8 172
2 214
8 275
8 60
0 90
2 302
2 132
6 85
5 127
9 44
3 35
3 4
8 111
7 51
3 116
6 118
3 38
2 65
5 131
6 154
6 100
5 79
7 64
4 149
5 114
2 186
3 534
7 120
5 93
9 125
2 9
3 112
1 6
5 63
8 52
2 85
1 18
8 483
1 136
2 75
1 61
6 169
4 7
1 13
6 195
7 65
9 78
8 90
1 61
8 27
7 2
6 11
3 267
9 432
8 6
6 65
9 121
8 57
9 44
4 482
2 62
0 81
5 144
7 805
7 14
0 1
7 2
4 59
2 44
2 65
3 13
6 45
2 105
2 117
7 18
6 138
6 218
1 265
6 8
1 5
1 313
6 123
3 43
0 19
5 11
0 236
8 130
0 607
4 13
9 180
4 16
9 82
5 255
5 6
4 52
7 103
4 1
9 60
6 17
8 139
2 1
4 128
9 228
2 25
4 399
6 2
4 21
2 243
7 159
8 45
9 174
0 37
1 67
3 52
2 114
3 68
8 98
4 51
5 110
8 103
2 59
9 17
8 74
3 71
5 165
8 38
1 108
6 9
4 358
1 24
2 59
5 132
1 147
7 115
1 75
6 20
1 129
5 17
5 13
8 64
2 152
1 139
5 108
8 151
7 81
8 47
2 49
6 112
6 96
0 136
6 352
7 68
8 6
2 38
3 10
8 22
8 34
1 69
3 56
7 9
1 274
5 177
7 4
7 148
7 1
6 191
6 85
7 142
8 136
4 181
8 119
9 170
2 67
7 70
8 233
0 109
0 114
8 15
5 123
6 116
8 393
6 94
6 45
5 195
1 80
8 100
3 24
9 72
0 56
1 187
4 116
7 92
0 157
6 28
1 116
5 35
8 17
5 182
1 44
7 111
7 17
3 116
1 21
2 5
6 5
6 4
1 145
8 155
1 83
9 12
1 2
4 152
3 321
4 148
3 88
3 140
0 372
4 101
6 7
2 107
3 169
9 35
3 32
3 112
4 44
4 2
6 36
4 211
4 6
7 281
9 93
5 19
5 99
9 162
7 56
2 60
5 143
5 3
9 227
6 47
1 83
7 60
0 65
3 43
3 53
7 221
3 68
2 115
6 42
4 53
4 75
7 102
6 425
7 65
6 172
4 292
6 38
3 19
3 86
5 12
7 25
6 34
6 30
8 92
6 62
5 127
5 138
5 40
7 32
0 129
9 165
7 73
6 278
3 77
0 39
6 7
4 37
3 213
3 32
4 9
2 69
2 23
4 201
0 12
1 6
2 361
3 327
0 49
7 118
6 61
2 26
6 136
2 34
8 231
2 23
2 62
4 14
0 4
7 27
2 22
8 262
9 69
2 33
9 3
0 103
9 181
6 34
3 44
2 178
5 10
5 98
5 212
1 68
6 82
5 126
5 29
3 98
0 197
9 395
2 82
7 109
3 193
5 105
5 27
0 26
1 54
9 21
2 128
9 136
2 177
3 9
2 96
9 45
7 114
1 80
7 250
5 178
8 28
2 42
1 168
6 36
9 207
2 66
2 315
5 43
8 3
9 80
8 230
5 291
1 27
9 247
0 34
7 154
3 164
2 77
4 25
1 307
1 132
4 9
7 317
8 93
3 143
5 33
0 47
7 47
4 471
5 29
3 43
9 13
3 169
9 128
2 115
4 13
2 42
4 10
5 208
6 262
2 43
4 319
9 112
0 135
7 3
4 116
2 103
1 34
4 28
9 63
4 85
3 222
2 207
2 50
3 204
8 171
2 52
3 127
0 221
7 296
4 21
3 248
3 63
5 173
8 11
5 125
9 124
2 153
2 33
0 12
0 10
9 156
4 222
9 217
9 125
1 21
9 70
6 36
5 161
0 25
3 107
9 370
6 189
5 23
0 56
4 5
0 29
6 55
4 119
5 95
9 214
1 10
0 95
3 256
6 48
9 139
1 149
7 167
2 103
7 10
0 14
0 111
2 14
2 52
7 50
4 5
4 133
7 153
2 13
5 61
4 150
9 37
6 56
9 79
1 38
2 153
7 123
8 107
9 23
3 15
8 124
3 241
9 325
0 2
3 65
6 119
1 3
4 48
8 356
5 156
2 515
3 31
9 27
8 4
1 50
5 2
7 48
5 37
5 85
8 100
7 62
2 50
9 80
9 11
9 9
1 168
5 68
7 41
2 164
1 100
6 19
9 83
1 84
1 55
5 10
4 55
8 124
9 71
0 7
2 46
0 5
4 148
6 5
6 139
0 296
4 138
6 385
9 1
6 53
1 48
3 35
8 33
6 173
0 81
0 48
2 34
6 49
4 133
6 236
9 11
9 35
8 35
9 58
7 85
9 105
0 30
3 35
4 90
0 255
5 77
1 96
8 123
4 382
5 82
9 247
7 61
7 5
5 98
1 46
5 47
4 26
2 218
3 72
4 111
1 183
2 113
6 43
4 72
1 497
0 37
0 97
6 96
3 77
8 53
4 122
5 32
5 22
6 40
0 38
7 138
9 423
3 128
2 53
9 116
6 67
0 48
4 7
0 5
3 59
7 69
9 34
1 45
1 283
1 97
4 553
7 55
5 202
8 54
9 11
1 139
2 10
9 27
9 92
3 218
0 28
0 236
2 25
5 58
7 104
7 1
1 21
0 133
1 90
9 36
6 21
4 86
0 87
1 77
2 49
1 63
0 63
5 21
8 148
8 51
5 49
5 137
9 100
0 13
0 265
7 14
5 693
7 4
2 476
7 137
4 11
4 68
9 179
2 39
5 157
1 12
3 103
0 60
4 21
0 22
7 57
6 39
1 117
1 117
7 23
2 197
4 104
4 12
4 67
5 74
8 111
5 55
2 7
6 311
9 102
1 65
6 1
8 31
5 17
4 16
9 88
6 83
1 47
4 50
0 85
3 4
2 44
4 47
8 249
1 6
9 7
4 29
8 142
7 22
0 118
5 31
4 43
4 13
1 21
0 29
9 73
7 90
9 161
0 445
3 407
1 121
6 53
0 2
2 16
0 25
2 62
5 129
3 100
4 635
5 287
6 234
5 496
2 47
7 36
0 96
6 32
6 140
2 50
6 23
6 162
6 23
7 66
3 25
6 11
3 99
3 2
5 191
6 204
4 56
6 17
3 164
5 97
2 279
4 152
6 36
4 69
5 155
0 16
6 30
9 46
8 73
5 37
4 95
8 13
0 70
5 47
1 15
0 52
7 52
3 89
0 58
3 244
7 281
7 58
8 10
8 206
0 14
4 55
4 716
0 34
0 1
8 185
4 80
5 97
6 303
2 276
9 100
5 16
2 54
3 40
8 330
4 96
9 46
6 44
2 31
9 17
7 55
1 158
2 85
7 104
2 10
2 106
7 155
8 75
5 254
1 92
7 40
2 599
5 14
7 10
4 158
9 56
9 158
7 25
8 89
2 36
7 67
8 36
6 6
2 138
8 108
3 16
1 174
0 74
6 96
2 11
1 90
2 38
7 111
0 114
6 52
7 19
9 76
6 42
0 204
7 303
8 10
8 29
9 95
8 115
3 71
4 105
3 456
6 109
6 19
1 12
8 39
8 376
8 185
2 29
2 153
7 9
5 1
6 234
4 4
8 134
2 45
3 260
0 149
4 404
2 36
0 89
2 291
0 377
7 390
5 20
2 72
1 4
0 9
5 28
2 151
5 12
4 42
8 96
6 160
9 23
9 14
8 105
7 19
0 228
1 23
6 111
8 4
2 38
4 45
9 298
9 6
1 44
0 83
2 408
5 60
5 19
6 143
8 138
2 327
8 22
1 22
7 82
3 92
8 7
3 90
4 180
7 206
7 214
2 35
5 23
4 186
2 37
0 110
4 127
3 42
7 61
6 101
7 39
1 56
8 99
6 69
1 245
8 123
1 179
5 16
2 33
2 6
1 96
3 152
3 45
7 9
6 191
6 8
4 55
4 366
6 194
8 260
7 169
1 26
7 161
8 24
1 17
2 111
5 47
0 103
6 242
4 45
7 25
1 274
8 91
3 199
8 76
2 15
2 90
9 7
1 331
3 76
3 196
1 94
3 23
7 102
5 400
0 117
8 189
4 51
5 73
2 264
2 36
7 6
7 3
7 70
9 196
0 133
0 60
5 70
7 379
6 172
7 60
5 90
4 115
7 83
9 34
7 53
9 8
6 289
1 219
0 59
9 86
3 33
5 3
2 6
9 157
0 285
8 34
4 224
5 128
0 47
4 11
1 116
4 72
5 83
2 148
1 50
6 22
4 33
5 132
2 2
8 167
2 16
4 228
2 145
2 24
7 61
7 203
5 70
6 3
0 243
5 208
1 40
2 43
6 33
5 25
6 143
7 9
8 61
4 19
2 99
0 4
6 45
4 91
8 210
5 63
9 36
3 27
6 41
0 22
4 14
3 97
1 12
5 60
1 31
6 156
2 32
3 89
3 128
8 33
1 211
4 328
5 164
5 215
1 34
0 141
1 39
0 200
4 10
6 31
7 17
1 35
5 11
3 242
7 52
9 99
2 28
9 102
5 9
0 44
6 147
8 27
6 87
3 106
6 54
7 18
4 224
1 68
6 14
3 43
1 30
8 14
5 133
1 21
5 144
9 47
4 86
9 119
0 18
5 81
4 108
5 112
0 8
7 147
6 139
2 68
6 111
3 160
3 12
2 312
5 3
1 52
1 132
5 52
5 4
6 122
6 11
4 84
8 73
3 48
4 315
3 34
8 5
1 103
3 143
2 130
2 58
2 101
2 14
8 120
3 39
8 32
9 34
4 21
9 37
2 73
4 137
7 46
9 12
8 6
2 361
6 105
4 156
9 28
7 180
1 7
3 93
9 156
2 91
4 37
7 99
0 166
0 18
3 62
6 10
9 304
9 63
6 169
5 31
0 242
8 176
6 113
3 37
8 88
7 151
6 113
4 97
1 110
3 251
4 223
8 133
6 149
4 75
0 25
1 133
4 29
9 26
3 35
8 67
8 117
1 37
7 177
9 8
5 111
4 50
3 38
2 48
4 168
7 7
2 140
9 374
9 20
5 15
6 18
7 27
3 165
7 2
8 60
3 34
1 204
0 32
3 82
8 26
1 119
0 99
2 62
0 35
3 103
3 246
8 593
2 72
6 126
5 21
9 95
5 25
4 263
9 153
5 67
4 39
4 38
7 218
9 79
2 85
5 196
1 25
5 30
0 74
6 278
3 280
8 2
2 500
7 4
4 125
0 39
5 10
4 37
7 57
0 43
0 49
7 27
1 58
7 132
5 72
1 54
6 87
0 87
5 103
6 99
3 169
7 28
2 236
5 56
5 39
9 80
1 162
2 112
7 89
5 81
6 204
1 20
3 83
7 352
7 105
0 36
3 167
6 5
3 78
9 4
6 343
1 97
1 29
2 46
1 80
3 99
1 109
9 61
3 25
6 567
3 6
2 17
9 32
6 30
6 52
7 95
4 297
3 186
9 54
0 383
6 59
3 508
6 6
9 21
5 41
0 131
2 496
5 7
5 21
2 96
2 335
2 7
7 101
8 114
8 69
4 222
6 15
9 267
0 9
7 20
6 158
7 48
7 8
8 212
2 136
5 102
8 104
9 95
4 112
3 144
6 75
1 20
8 103
1 79
7 12
8 34
6 190
4 11
2 65
2 14
9 545
6 139
3 235
3 170
7 206
0 133
7 3
2 47
1 63
5 25
1 5
1 68
2 68
9 139
3 144
7 61
1 3
7 194
5 7
6 91
3 278
0 173
6 131
7 54
5 75
5 222
1 25
6 22
1 3
0 3
0 81
1 59
5 37
8 346
9 141
6 137
0 12
4 428
6 448
3 208
2 212
9 21
2 433
7 37
0 4
0 139
5 168
4 154
7 32
0 38
2 14
3 60
9 52
0 4
5 67
4 89
9 10
4 77
2 58
5 47
1 90
7 230
2 90
7 34
7 77
9 431
7 19
9 34
6 61
2 76
5 40
9 112
1 18
1 72
9 14
5 56
9 191
2 138
7 42
4 214
2 11
9 25
7 124
6 17
2 85
7 16
6 126
3 67
5 41
7 104
7 13
5 73
5 48
2 110
3 16
7 46
7 41
7 281
4 135
9 42
6 2
9 86
6 25
0 86
5 69
8 140
3 18
9 101
7 232
8 140
4 137
5 244
4 20
9 94
7 22
6 107
8 161
7 1
4 17
6 86
4 74
8 26
3 226
0 35
2 4
9 35
9 100
9 134
7 80
0 85
7 65
8 140
3 201
4 47
5 54
8 211
9 136
7 236
5 89
2 48
1 7
8 145
7 46
0 40
7 59
4 23
1 385
7 2
4 39
4 31
9 71
6 22
6 101
3 1
2 54
3 105
9 114
6 69
1 46
1 83
1 102
1 48
9 61
5 111
9 78
4 6
4 24
2 21
1 147
5 50
5 30
8 25
6 326
0 95
5 1
1 23
3 83
8 163
5 96
6 10
9 23
8 42
8 139
1 279
2 32
1 144
1 248
2 29
1 31
2 84
4 141
1 53
9 149
9 132
3 143
1 15
2 13
5 164
2 39
9 104
7 13
2 113
0 138
6 62
0 46
9 9
5 115
6 80
5 49
7 59
5 87
2 36
0 68
4 76
5 61
3 30
3 237
1 27
0 483
9 49
7 36
7 160
5 191
1 99
6 58
3 105
8 21
2 33
3 21
5 73
0 137
7 15
3 213
4 88
4 9
2 111
6 69
8 39
3 162
1 37
0 47
9 359
3 153
0 71
5 25
4 316
5 13
6 87
2 65
9 47
1 9
8 73
7 136
5 232
1 22
9 27
9 76
8 58
8 75
3 88
3 225
3 197
5 11
4 6
2 279
7 232
4 161
2 40
9 123
9 139
6 81
9 159
2 125
6 98
7 70
6 88
7 16
8 14
6 7
2 127
8 82
7 39
4 123
6 43
4 273
6 20
0 19
9 98
1 88
4 82
2 308
4 85
0 242
1 142
0 257
3 240
9 344
6 23
0 298
7 116
2 74
1 168
5 11
4 308
0 74
4 11
8 120
6 17
3 29
2 83
7 50
4 327
9 93
4 29
4 70
7 1
2 67
2 31
5 46
9 123
3 18
7 188
0 116
1 241
9 67
6 510
7 324
9 64
6 219
6 79
2 14
1 64
1 6
2 263
0 47
1 27
1 25
1 285
9 6
3 88
9 16
2 73
4 4
5 9
8 22
8 32
7 251
6 227
6 54
1 48
1 140
8 51
3 99
4 6
1 79
1 35
2 12
6 48
7 25
7 82
3 13
5 172
9 13
7 61
3 175
3 44
6 235
3 196
9 186
9 318
4 82
6 24
2 71
9 195
4 13
6 56
1 30
9 183
7 66
3 12
2 118
4 45
8 40
6 1
2 47
4 40
2 4
4 107
5 126
8 38
2 21
8 18
3 119
1 15
5 59
6 45
6 20
9 35
9 11
8 3
5 105
3 86
2 183
5 3
9 21
9 178
4 163
0 114
1 105
8 23
0 44
5 554
2 148
8 40
0 32
8 39
3 4
2 132
2 100
7 57
5 13
0 169
1 41
8 9
7 181
6 34
1 118
0 224
2 60
6 222
8 27
9 277
3 36
5 9
4 12
7 8
2 4
8 32
7 101
2 68
6 64
2 6
9 50
4 64
3 65
2 361
0 57
7 40
9 190
0 101
9 211
1 52
7 79
2 277
8 185
6 14
5 9
9 159
5 37
9 138
0 278
0 64
4 36
5 278
2 29
4 42
0 52
9 59
4 2
5 9
1 57
2 23
2 120
2 33
5 153
8 109
0 33
5 50
6 22
8 47
5 34
7 200
7 341
2 22
9 70
0 16
6 164
8 389
7 42
6 118
0 48
4 16
7 48
8 6
1 83
6 48
4 76
7 11
7 94
7 68
7 199
3 17
8 41
1 138
9 16
4 64
0 182
0 16
8 63
4 11
4 141
9 222
1 25
5 17
8 73
0 22
3 17
5 49
5 83
3 369
7 296
7 137
2 26
6 51
8 160
1 33
5 302
9 8
1 141
5 72
2 160
1 2
4 216
9 95
3 175
0 35
4 24
7 73
3 21
2 248
6 33
2 71
0 116
7 8
5 110
8 147
3 145
1 212
9 114
3 22
6 75
7 1
8 52
3 374
6 234
4 51
6 195
6 152
4 101
0 60
9 33
0 62
1 42
1 231
8 225
8 223
8 280
8 36
7 3
8 133
6 154
5 12
9 312
5 83
2 371
3 170
2 80
0 200
7 72
9 112
1 115
6 279
0 14
1 27
6 54
7 46
3 203
0 5
8 152
0 83
2 280
6 51
9 79
0 38
6 42
6 98
5 129
0 38
1 54
1 121
6 41
8 127
6 86
2 13
3 53
3 17
5 72
4 212
4 2
1 7
3 185
0 36
3 362
7 19
5 76
9 48
9 17
6 13
5 187
3 123
6 9
4 90
0 105
3 39
6 58
3 115
5 53
4 79
9 32
5 336
5 81
0 6
0 117
7 39
5 292
4 25
7 111
9 104
9 38
7 22
5 261
5 24
4 119
1 143
8 99
5 17
9 117
9 80
1 36
2 339
8 1
3 46
7 343
4 95
0 127
4 11
9 65
4 8
2 57
8 69
8 81
8 45
1 11
8 128
8 62
3 235
9 60
1 56
2 133
3 122
6 65
8 24
3 8
7 65
7 153
7 237
0 31
8 49
8 88
2 85
4 145
2 46
9 67
8 106
5 70
1 96
7 247
6 109
9 54
8 200
3 76
9 24
9 31
8 372
5 24
1 14
0 48
3 223
0 147
2 115
4 92
2 62
6 201
4 392
3 13
2 48
3 64
5 68
4 145
8 112
1 159
4 60
7 10
0 19
4 2
3 38
2 31
5 117
7 256
2 185
3 135
6 78
9 107
0 104
0 53
4 9
1 72
2 155
7 53
2 237
2 238
9 81
8 95
9 220
8 3
5 34
3 31
5 328
8 111
0 146
4 146
1 42
8 92
9 52
4 221
6 12
1 128
1 56
7 14
2 319
3 164
9 245
4 6
9 178
1 45
3 39
4 52
2 5
0 120
1 38
5 53
6 23
3 44
7 58
7 311
8 93
8 12
5 63
3 22
9 162
0 48
4 242
2 69
0 89
9 243
6 148
3 81
7 191
5 143
9 208
2 12
4 117
2 100
6 231
1 171
3 36
9 133
7 7
8 230
8 87
0 99
4 55
6 48
4 24
8 204
4 124
7 26
1 47
6 53
6 237
5 61
9 174
0 31
0 24
3 220
1 33
7 75
1 31
4 32
4 126
3 23
4 120
7 156
4 207
9 232
1 5
9 127
5 22
6 192
1 77
1 48
6 3
2 231
7 41
8 332
0 82
2 174
9 66
7 127
3 68
1 97
1 114
6 69
0 222
9 145
6 169
8 32
6 11
5 26
6 64
1 117
7 5
8 94
2 39
1 19
1 11
1 256
7 180
7 41
8 24
7 109
2 157
6 54
8 1
7 59
4 86
6 210
6 98
4 7
1 76
3 15
3 28
3 8
7 152
8 4
8 35
8 4
2 103
4 25
8 353
6 86
0 496
8 38
0 70
4 97
6 18
9 133
3 120
8 108
2 61
9 24
6 34
1 169
2 177
1 78
5 30
9 7
8 133
8 62
4 115
4 27
5 158
6 206
4 268
7 243
1 111
0 123
9 214
4 61
1 10
1 162
9 38
3 38
1 21
3 159
2 52
3 54
5 106
8 119
9 4
9 113
1 113
7 26
9 46
4 176
7 126
3 33
9 171
4 161
1 41
6 67
3 54
9 57
7 56
3 172
9 231
2 83
3 17
3 59
8 70
1 60
4 106
0 165
8 85
9 85
4 112
8 61
8 89
5 68
7 195
9 109
6 4
9 51
3 33
1 137
5 89
4 68
3 5
5 341
9 213
3 23
9 36
6 69
5 259
4 49
2 41
0 248
1 142
4 18
7 28
6 25
9 16
6 129
7 1
9 16
9 1
7 105
9 259
7 1
9 35
4 37
4 28
5 32
9 49
0 66
1 10
5 95
1 33
9 16
3 1
9 50
7 27
0 56
1 60
6 3
4 16
7 44
5 255
1 21
8 67
6 147
6 3
9 235
5 37
2 82
6 102
8 453
0 195
3 117
9 29
1 13
5 201
1 155
8 120
9 14
0 54
1 3
3 149
2 218
7 60
7 79
9 277
0 89
4 78
0 58
8 352
8 98
4 32
9 171
5 54
1 132
9 165
4 32
3 39
1 26
1 66
8 98
6 77
0 64
7 35
9 19
9 16
9 146
4 36
6 356
1 64
3 17
3 156
9 59
4 257
9 200
3 100
3 372
9 172
1 26
3 104
4 52
0 7
1 82
6 154
5 41
4 6
0 152
0 45
2 97
9 122
2 165
3 332
0 81
1 42
2 49
5 5
6 13
4 129
1 21
0 30
2 11
5 20
9 20
2 52
9 2
7 4
9 383
8 37
9 162
1 120
6 28
1 109
6 3
7 13
6 251
4 407
1 74
5 10
1 243
8 38
6 26
6 114
4 178
5 81
0 20
7 193
5 280
6 87
8 45
9 24
6 154
6 241
3 59
7 59
5 79
4 85
4 30
0 348
0 68
3 44
3 123
9 17
0 127
0 53
7 131
1 54
5 11
9 60
9 37
5 263
8 137
1 284
4 82
9 103
1 10
9 149
2 19
7 1
0 178
7 354
6 18
6 122
6 65
5 56
8 16
4 47
9 157
8 8
2 36
1 55
1 50
3 48
2 86
9 65
8 161
0 45
6 101
4 416
4 41
6 71
3 89
2 1
2 4
3 171
4 19
7 32
4 84
4 4
3 211
6 90
7 26
9 20
1 85
3 92
6 23
9 52
6 106
0 182
8 37
6 59
9 79
6 14
1 222
9 105
5 37
9 110
4 210
8 235
8 30
4 37
8 146
0 15
1 74
2 87
0 53
5 114
1 25
0 61
5 179
3 193
1 106
3 606
8 696
6 76
0 89
1 8
8 40
3 41
6 54
1 154
2 206
3 281
5 63
3 30
0 19
2 193
5 21
9 16
8 17
7 9
8 2
7 5
9 149
3 512
2 13
5 127
3 211
6 9
0 110
0 3
3 99
6 199
4 20
2 21
5 49
4 51
6 314
1 43
8 116
1 157
5 414
2 124
9 15
4 8
3 116
8 26
7 23
3 149
3 39
1 1
6 13
5 46
8 20
7 177
4 42
9 137
8 226
4 157
9 158
7 105
6 78
9 9
5 163
5 103
3 13
2 37
5 57
7 15
0 264
8 117
1 101
2 165
4 36
4 354
5 48
0 33
4 62
9 25
5 65
5 217
5 30
8 98
4 146
4 159
1 73
2 108
2 183
2 219
8 138
7 12
4 130
4 29
5 12
1 117
8 45
4 59
2 41
8 15
0 155
8 313
8 147
8 79
6 1
8 177
6 87
6 25
3 249
5 161
5 82
5 123
8 62
0 99
9 250
6 1
8 126
9 55
4 20
7 116
3 37
6 118
7 27
8 31
9 63
9 92
9 131
2 48
0 146
9 153
3 82
7 28
4 6
3 40
6 64
8 257
4 31
5 94
6 207
6 162
6 36
3 5
4 39
2 129
5 74
6 35
1 90
2 33
0 124
4 114
1 27
0 74
4 15
3 116
2 13
0 174
0 2
4 25
0 136
9 9
9 50
0 378
1 221
3 95
9 12
7 6
5 55
4 29
2 115
1 135
8 82
6 17
0 35
4 14
1 126
7 85
4 55
6 198
1 297
4 149
7 62
1 102
3 126
9 239
7 257
6 202
0 108
5 130
8 5
8 345
8 54
4 53
1 197
2 103
3 4
5 71
9 24
0 45
2 48
7 5
2 146
8 11
5 188
5 42
8 78
8 230
0 44
5 334
1 131
5 13
8 133
6 53
8 40
1 105
0 45
3 153
0 45
7 63
2 38
0 25
0 2
6 75
1 34
0 97
1 60
5 1
8 22
9 195
6 25
4 87
1 86
4 350
9 23
5 67
3 177
1 174
5 74
6 3
0 30
4 27
6 59
3 42
0 195
0 190
6 103
9 26
7 5
9 152
5 26
0 6
0 14
6 76
1 62
8 88
9 280
4 54
6 22
0 7
8 68
4 205
3 2
9 44
5 48
2 35
6 166
2 320
5 55
7 134
8 107
0 60
3 217
5 69
0 2
5 187
6 11
3 7
0 34
3 12
4 71
7 4
5 146
7 3
1 132
8 127
4 67
9 237
9 149
6 47
6 95
4 123
5 36
5 128
2 46
0 10
6 54
9 15
5 305
0 43
0 58
5 6
6 123
3 52
3 261
3 488
0 210
9 53
9 207
2 7
1 23
2 161
7 68
0 96
5 33
6 32
6 4
6 241
9 44
9 85
0 4
9 31
2 26
0 286
9 65
4 7
2 98
9 166
5 1
7 30
3 3
7 55
6 12
1 122
0 73
5 88
8 115
0 115
4 14
9 153
0 98
7 105
1 126
6 143
7 2
9 99
3 66
5 279
2 50
3 721
6 43
4 49
8 9
0 16
2 57
6 51
4 30
2 48
3 266
9 82
5 192
5 105
9 19
5 23
3 142
2 54
8 3
8 180
4 42
8 145
4 78
4 128
4 15
9 182
5 44
8 119
1 63
2 21
8 37
8 68
9 28
6 34
1 17
1 90
9 124
6 167
5 135
5 13
8 29
0 338
4 55
0 30
4 14
1 2
2 27
5 178
2 24
8 80
4 18
0 224
8 63
7 138
2 169
0 12
6 20
6 128
4 65
8 81
8 4
2 68
6 172
1 34
4 37
7 223
8 58
0 126
9 27
0 10
6 108
3 96
6 210
6 7
0 71
5 84
7 112
2 87
9 133
9 425
7 17
3 106
7 125
7 425
9 125
0 60
7 1
0 55
6 114
1 129
0 26
5 43
2 18
6 81
7 143
3 24
7 14
1 544
6 5
4 15
2 145
7 173
3 19
2 105
9 7
1 138
8 109
9 10
4 43
5 21
1 34
3 136
3 143
4 129
1 169
6 178
6 69
6 82
8 7
9 356
3 24
9 110
0 243
5 74
0 111
1 117
9 47
2 87
8 185
6 211
1 97
2 75
6 215
1 39
3 103
9 46
0 18
9 37
2 15
5 132
4 2
7 247
1 181
4 5
9 49
6 268
1 27
4 36
3 36
6 229
0 47
2 46
3 164
7 251
8 50
2 61
2 28
4 725
4 206
8 137
4 167
3 60
1 71
6 67
5 28
7 108
7 135
0 53
9 110
1 63
3 6
8 29
0 87
7 43
8 38
4 112
8 15
9 34
3 29
3 12
3 38
6 59
3 41
3 120
8 118
0 44
4 174
8 257
8 58
7 137
2 309
4 149
3 263
9 24
1 283
2 106
3 57
9 37
8 243
1 20
6 140
5 53
4 37
6 1
4 81
7 9
9 79
5 21
4 1
8 52
4 230
1 105
2 188
7 58
0 82
0 150
7 25
3 19
7 84
2 13
6 67
4 71
8 52
2 42
0 203
0 121
1 8
1 68
0 10
5 176
9 11
3 154
3 146
3 50
0 91
6 149
2 20
9 105
1 99
9 10
9 76
3 69
1 293
3 24
5 21
8 119
2 76
6 166
6 122
6 19
7 58
9 19
3 56
3 148
5 44
1 274
0 41
1 70
1 202
2 8
4 116
4 28
4 174
0 26
3 171
3 219
6 109
0 151
3 139
3 95
9 40
8 155
9 102
5 239
6 188
8 116
4 45
0 20
1 44
1 246
1 22
7 21
7 98
3 54
2 26
4 30
8 297
7 36
5 127
1 78
0 116
0 3
2 35
4 76
8 44
1 40
5 78
9 65
8 235
1 377
2 535
8 117
4 9
2 4
6 43
0 45
1 70
8 38
3 57
6 12
9 47
8 2
3 77
5 74
0 72
3 30
2 8
0 52
3 133
3 47
7 185
7 213
4 13
1 149
6 57
8 173
4 11
7 29
0 9
7 4
8 226
0 75
1 27
5 202
1 81
6 56
8 52
8 86
2 6
9 33
2 213
4 202
1 163
8 15
3 40
6 200
0 56
6 15
5 78
3 67
9 6
9 144
4 8
6 7
5 72
1 20
0 111
3 48
9 18
9 175
7 106
1 346
3 13
2 22
3 128
4 41
5 315
6 159
9 74
3 135
3 215
7 15
1 29
9 266
7 9
6 73
0 5
8 116
3 63
2 61
1 114
3 74
5 303
3 1
4 122
5 187
2 40
0 292
2 48
3 116
9 103
8 92
5 13
7 9
1 137
0 266
0 22
9 402
5 204
6 53
6 130
5 7
9 128
5 76
2 31
3 39
8 105
3 237
7 66
5 35
5 22
6 44
2 263
9 6
8 25
8 88
5 109
2 2
1 170
6 16
7 184
1 42
2 61
7 289
1 78
0 110
7 68
7 70
8 68
4 23
8 143
3 62
8 129
8 2
7 5
1 159
8 217
6 54
6 70
2 13
9 143
2 179
5 29
1 15
6 95
0 6
2 64
7 112
2 91
8 149
6 39
7 113
4 140
2 12
3 239
8 41
5 96
3 76
1 230
1 106
7 14
6 30
4 185
8 288
3 4
6 26
8 64
3 11
5 23
5 7
1 117
2 96
1 215
9 14
5 25
9 69
4 104
3 17
2 19
3 137
2 185
3 14
7 12
8 81
0 112
0 69
1 10
7 3
7 49
8 36
3 153
8 81
3 224
7 7
7 36
8 58
2 65
7 268
7 94
9 132
5 6
6 80
0 9
8 223
0 143
6 32
1 12
1 90
2 108
4 20
1 137
4 48
8 102
2 70
2 82
6 157
0 110
7 41
5 296
2 73
2 263
5 152
8 60
7 332
5 17
5 170
1 102
5 68
3 4
8 105
0 11
4 20
6 82
0 60
9 74
6 35
2 122
8 280
7 221
7 40
3 183
2 64
0 235
0 31
1 30
0 55
9 37
2 132
9 8
2 145
0 3
6 164
1 80
3 122
6 75
9 101
8 109
7 252
3 81
1 102
3 24
3 5
6 8
7 15
9 53
1 114
3 257
7 117
1 86
3 31
2 15
7 26
9 30
0 268
4 168
9 140
9 109
9 188
4 79
3 15
7 43
4 57
3 176
2 39
4 83
9 87
7 19
0 89
5 241
5 72
7 109
9 34
9 31
1 241
2 124
0 50
2 33
2 380
9 40
7 77
3 46
1 170
0 41
9 8
6 290
9 168
9 15
2 8
1 155
0 18
1 34
9 59
3 2
1 127
4 153
1 12
2 46
6 22
6 30
4 64
3 145
2 42
2 118
0 174
6 158
1 104
1 113
3 2
3 45
2 107
3 42
4 106
2 10
5 113
6 21
8 36
6 35
8 47
7 174
3 195
0 79
4 34
1 75
4 62
0 57
9 3
3 95
1 4
4 108
5 68
8 200
5 121
6 62
5 2
0 241
2 12
8 7
1 165
0 34
8 148
8 8
4 278
1 17
9 87
8 28
0 216
3 17
6 121
8 39
7 151
5 113
4 92
8 241
6 102
5 20
6 40
0 18
8 57
5 39
4 25
1 74
3 140
9 44
9 55
8 173
8 42
0 67
1 6
1 192
4 29
0 17
3 20
2 8
1 137
1 38
0 72
6 83
5 5
5 31
6 315
2 61
9 128
1 154
0 124
5 186
3 56
3 98
9 9
7 16
4 83
6 81
7 118
7 98
4 48
3 21
8 15
9 162
6 256
8 734
1 287
7 116
7 22
3 81
3 216
7 125
4 224
4 58
8 223
2 105
8 119
5 690
0 31
4 119
7 128
2 284
3 16
5 8
4 163
5 74
0 26
5 144
4 43
7 22
6 40
6 71
7 73
2 113
2 195
2 44
1 503
5 265
9 18
2 21
3 4
4 52
9 48
4 69
7 2
9 29
1 11
3 117
3 54
4 20
6 1
5 35
3 224
9 136
4 83
6 80
7 9
5 81
1 263
5 95
7 119
1 31
3 214
1 194
5 49
9 288
7 1
8 32
1 73
0 172
6 64
8 103
7 145
4 211
1 214
3 207
7 130
2 103
2 81
9 79
8 83
9 267
6 102
6 98
9 80
8 84
1 61
5 115
1 59
2 43
5 293
0 18
7 39
6 183
8 42
4 3
8 26
2 45
6 58
8 414
4 176
8 77
4 60
2 53
1 40
8 190
1 19
9 60
3 130
3 189
0 229
8 65
8 50
1 102
1 30
4 50
0 136
9 70
5 51
2 77
7 81
7 41
2 188
6 120
0 119
6 356
2 98
3 45
7 44
7 58
7 79
2 248
3 60
7 47
2 76
4 157
0 761
6 12
6 108
6 91
9 89
1 130
0 64
1 120
1 8
8 19
0 77
3 56
0 215
4 281
6 84
4 521
2 45
8 159
4 233
0 64
2 107
4 151
7 84
4 4
7 86
0 63
9 14
0 237
9 65
9 110
4 84
2 81
2 2
3 100
6 104
3 539
9 226
0 248
2 310
7 108
5 11
8 210
6 276
0 90
4 73
3 13
3 172
8 20
8 19
4 7
6 322
2 38
5 27
0 180
5 39
6 200
7 289
5 29
6 33
0 92
0 75
1 8
8 5
3 57
7 45
0 16
5 28
2 22
5 54
8 249
7 2
0 118
3 555
5 198
0 19
9 41
1 62
6 138
4 782
4 176
8 63
3 50
8 15
1 284
8 15
3 83
0 25
4 172
9 182
3 15
4 6
2 33
9 12
2 67
6 47
6 401
0 48
3 172
4 61
7 280
8 33
8 46
8 72
0 11
0 45
9 127
5 112
4 471
2 234
2 26
1 11
5 28
8 76
1 236
4 132
7 24
0 224
5 85
2 110
8 325
7 55
1 8
2 124
8 31
5 23
3 63
4 350
2 47
9 15
7 14
4 42
9 58
3 2
4 25
0 49
2 85
9 268
9 10
4 43
5 61
9 41
7 21
5 177
1 138
0 107
8 220
6 194
4 5
9 142
7 14
3 171
0 50
4 14
0 3
9 158
8 134
4 171
8 58
9 54
4 141
6 85
7 40
4 182
0 24
1 10
3 48
1 58
3 48
2 142
9 26
4 142
8 49
3 57
7 12
5 38
3 54
5 215
0 178
2 153
3 57
8 161
1 49
1 119
4 74
7 79
6 136
8 14
5 369
4 137
6 65
6 121
1 81
9 196
2 155
1 46
1 86
8 133
4 59
3 62
5 16
2 94
1 14
9 201
1 4
2 152
4 316
8 547
3 171
5 72
1 191
5 79
4 11
0 87
8 52
2 68
2 132
6 130
4 301
1 132
8 284
7 18
3 21
5 107
0 145
9 205
9 195
2 147
6 91
6 73
7 55
4 251
7 15
0 175
9 39
9 27
3 137
3 113
2 7
0 48
4 7
5 17
2 248
3 248
9 55
3 69
1 37
3 87
9 48
0 34
4 49
1 73
3 32
6 9
5 368
5 27
8 29
9 39
6 427
9 68
5 91
8 19
6 23
5 208
8 25
2 73
3 197
4 48
9 40
5 23
7 4
7 237
4 256
6 6
4 20
3 5
4 39
9 132
1 33
4 129
4 5
1 136
8 155
0 10
6 309
2 88
1 144
9 50
7 48
0 165
6 14
1 95
5 104
0 89
8 51
5 66
5 41
1 67
0 228
1 54
1 4
6 105
8 55
5 17
1 268
9 14
6 2
7 73
1 56
7 3
2 56
7 20
4 189
3 16
3 95
2 306
7 427
1 26
1 191
3 108
3 25
9 13
9 866
4 25
9 14
7 37
9 215
4 19
1 42
4 240
9 86
2 26
6 12
8 21
5 206
4 75
9 21
3 234
8 74
4 69
0 16
3 204
6 23
6 284
4 243
1 153
6 124
9 158
4 92
8 27
8 208
5 6
9 20
1 11
2 102
3 45
9 142
1 33
1 72
9 2
8 10
4 19
2 185
4 13
3 98
2 37
6 249
2 15
1 32
2 18
5 45
8 31
1 169
7 1
8 54
2 142
4 144
5 81
7 194
8 55
2 100
4 179
8 31
2 662
6 160
0 27
9 91
1 57
3 142
7 177
7 121
3 65
9 37
3 107
0 157
2 75
6 44
3 42
7 49
5 110
0 21
1 72
3 180
7 48
4 57
2 139
8 352
2 228
8 99
7 151
3 121
4 95
0 50
4 38
0 443
4 38
4 79
6 122
1 207
3 15
7 34
6 45
4 61
4 71
2 76
4 62
0 167
5 325
8 54
5 12
8 8
0 7
3 49
8 245
7 15
3 60
5 24
6 21
7 78
7 41
6 154
7 10
9 93
1 165
3 55
2 34
6 6
1 159
5 169
3 75
4 114
2 166
2 181
8 163
3 215
7 94
1 165
2 24
1 13
6 7
1 18
4 194
5 5
3 283
1 128
2 150
5 209
0 66
4 140
5 430
7 137
9 40
9 61
6 84
7 70
9 134
7 302
3 108
7 77
7 44
7 5
9 98
7 181
9 34
4 14
7 32
3 2
7 85
1 28
4 58
6 97
9 200
2 52
8 5
4 62
2 77
1 91
5 93
5 10
2 64
4 45
1 146
3 158
2 245
7 555
4 88
0 465
5 183
5 60
5 50
9 11
3 106
7 61
7 27
3 389
3 14
8 30
4 51
6 6
3 173
8 28
2 65
1 2
8 4
0 330
6 191
1 27
2 225
1 192
8 8
3 88
6 9
5 75
9 9
5 12
2 87
2 27
8 13
8 16
0 13
2 13
1 86
0 77
2 15
1 160
5 60
4 121
6 109
8 53
6 57
4 136
1 55
2 46
6 13
0 232
7 2
1 15
0 164
7 10
9 189
5 112
2 113
3 68
2 64
6 9
2 148
3 307
5 62
2 38
0 53
4 11
7 146
5 7
1 17
8 323
3 230
3 190
3 166
0 158
7 3
3 41
8 33
1 5
3 19
7 5
9 13
8 299
3 24
9 52
2 7
9 68
7 21
9 260
5 40
7 199
7 57
3 89
4 9
3 83
8 187
0 45
8 307
6 171
5 84
6 73
9 35
3 9
6 140
3 20
5 86
0 77
2 32
7 170
1 18
9 104
0 11
4 73
2 78
6 46
5 81
3 32
2 32
3 38
7 277
0 31
2 204
4 61
8 121
7 77
8 297
0 148
3 117
9 80
3 155
8 118
3 34
4 141
3 155
8 179
7 5
1 199
5 35
2 26
4 48
1 46
0 6
4 45
3 82
7 182
4 65
5 175
7 101
6 22
2 85
2 8
7 91
6 9
9 28
3 235
3 51
3 33
3 8
9 387
2 115
8 28
4 146
8 60
6 158
6 47
1 46
9 128
2 23
7 29
6 143
6 76
9 25
4 20
0 31
7 3
3 38
4 12
6 193
1 18
4 6
0 41
9 192
2 11
2 242
4 99
4 85
4 10
8 74
6 255
2 236
5 53
9 26
9 25
6 557
0 89
2 132
3 97
1 137
6 140
2 10
9 194
0 236
6 71
8 34
3 412
0 86
0 2
3 33
8 11
4 35
6 302
6 41
1 83
4 23
2 46
0 156
5 179
0 41
2 133
0 91
5 60
2 15
3 2
6 39
9 55
9 24
0 129
5 161
5 5
4 81
2 25
7 189
5 58
4 2
2 385
7 125
3 3
6 16
7 117
1 194
5 61
4 52
2 108
4 175
5 56
0 70
1 184
0 104
1 29
0 216
3 274
8 10
6 68
1 28
0 199
7 162
6 24
5 56
0 77
6 7
9 5
8 136
4 11
7 9
2 233
0 15
6 44
3 13
5 152
2 129
9 238
8 36
6 7
5 77
4 27
7 17
6 19
3 58
2 59
0 135
8 106
2 146
1 22
5 179
0 56
4 191
6 62
9 15
4 3
1 46
9 20
7 644
5 17
3 62
2 8
8 117
9 76
5 308
6 200
7 58
7 59
9 215
6 69
3 58
2 86
6 417
3 84
8 39
3 157
4 8
4 30
6 97
3 290
0 92
0 112
6 5
7 3
7 42
8 85
8 151
5 15
5 46
7 111
2 68
5 15
5 80
6 24
2 75
7 34
0 61
9 64
9 74
9 100
0 54
0 12
2 169
8 96
0 14
0 332
8 121
9 13
4 41
6 69
3 15
7 68
3 139
4 109
0 86
1 59
2 29
5 12
3 301
6 42
4 84
1 30
6 150
1 30
8 299
8 28
9 148
9 116
0 123
9 436
0 89
0 20
6 198
2 28
6 163
8 209
0 16
1 382
1 69
9 86
9 277
7 35
9 13
8 64
5 76
0 11
2 89
4 29
4 125
5 234
6 46
4 53
4 164
1 121
8 43
3 34
7 122
9 82
8 330
0 21
7 30
0 33
5 17
0 2
8 11
1 97
8 147
8 47
1 101
8 10
3 81
7 16
2 16
8 91
2 39
0 20
2 128
2 22
9 115
0 225
8 190
8 286
7 71
8 30
5 11
6 161
1 121
0 80
5 4
5 133
0 68
2 171
8 6
4 80
9 171
6 4
1 9
7 42
5 343
0 101
3 98
7 333
9 34
9 92
9 34
8 108
5 3
9 92
2 85
9 11
3 80
4 116
5 2
6 6
2 11
1 25
1 34
9 97
0 2
0 27
0 254
0 265
8 152
9 18
8 96
6 187
9 120
9 7
0 209
0 4
4 126
5 55
8 206
8 194
8 50
7 23
1 182
0 26
9 99
8 307
1 102
8 20
5 46
1 85
9 107
0 168
0 138
6 260
9 6
2 8
0 7
3 134
0 113
7 45
6 164
8 68
6 57
5 161
2 78
9 76
0 259
7 23
4 69
1 3
4 219
0 75
1 64
4 75
4 6
8 81
4 134
3 157
4 33
3 95
0 62
2 34
7 25
1 61
4 34
8 294
7 36
7 155
6 85
4 43
4 10
8 218
6 54
4 50
0 139
9 409
8 9
8 18
0 67
2 13
6 25
4 44
5 65
1 150
2 53
1 5
9 194
5 198
1 63
7 75
6 61
2 21
1 8
4 71
2 88
9 15
9 61
1 14
6 195
6 53
8 102
1 165
6 161
7 58
5 227
2 36
3 72
9 23
0 31
9 43
2 45
4 150
5 393
3 62
8 91
2 278
7 86
6 62
5 124
7 75
2 386
5 72
8 26
4 64
4 27
2 319
6 5
0 56
4 58
2 111
7 18
7 38
6 138
4 225
5 69
5 177
7 91
3 153
0 97
1 46
5 68
2 52
2 39
6 45
2 118
6 21
6 89
6 283
6 168
6 32
4 127
0 80
5 15
5 40
0 71
6 10
0 216
7 106
5 77
5 165
6 209
6 63
1 7
6 220
3 40
8 608
0 78
8 22
6 318
1 83
5 7
9 1
5 132
0 44
3 208
6 14
5 186
0 138
1 183
3 26
8 6
3 107
8 233
0 242
3 150
1 13
5 29
3 43
2 112
3 176
4 52
3 56
3 117
4 1
8 58
6 93
7 39
2 314
2 7
3 32
6 17
8 27
2 98
7 20
5 53
5 19
4 63
4 26
2 231
5 91
5 55
8 201
3 332
9 101
6 65
3 6
9 13
9 180
3 50
5 74
8 50
3 31
7 92
0 329
6 103
0 114
2 71
4 78
5 76
7 288
9 215
0 106
4 189
2 134
5 51
9 141
0 139
3 79
8 15
5 160
7 154
2 6
2 651
1 74
6 24
8 28
4 16
1 96
2 153
5 172
5 34
1 164
1 180
0 44
1 284
0 103
9 22
1 105
5 48
0 2
2 171
9 27
2 73
2 231
1 44
3 41
1 161
4 72
2 91
5 16
4 40
5 168
5 65
2 5
8 38
6 199
0 115
7 131
7 80
6 147
5 36
4 86
5 36
0 47
5 58
4 39
1 105
6 28
5 28
9 12
1 17
6 130
9 345
3 6
8 298
5 85
6 69
9 7
2 12
3 58
0 12
6 48
1 30
9 46
4 100
6 162
1 70
0 4
3 131
9 61
9 56
0 8
2 67
6 106
4 76
8 45
4 79
4 45
3 88
3 117
5 168
2 25
2 16
3 97
7 22
8 169
4 5
4 176
9 366
3 193
5 16
9 62
2 274
7 169
6 11
9 361
1 76
5 180
7 282
3 383
7 9
6 146
4 36
4 412
9 130
6 68
0 8
4 61
6 101
3 70
4 262
5 211
1 108
4 320
6 21
5 344
2 74
3 64
4 115
6 75
2 88
8 145
2 71
2 119
8 26
1 78
6 111
4 30
0 347
3 44
5 63
9 232
1 136
5 193
9 152
7 15
9 66
1 2
0 212
5 98
3 10
9 99
2 68
2 89
8 30
1 1
4 61
5 3
6 832
2 82
4 436
3 16
5 100
3 14
8 64
0 361
6 16
1 89
6 33
9 55
9 43
6 7
0 152
9 14
9 85
7 35
1 46
3 36
9 4
7 33
5 397
7 42
0 25
0 429
8 119
2 44
8 16
7 87
2 10
1 1
1 137
6 215
7 151
2 108
7 112
4 75
0 16
0 146
7 4
3 11
7 118
9 38
0 2
5 76
6 96
6 132
6 129
8 94
1 28
5 285
4 20
2 79
9 120
5 11
6 28
4 159
8 51
5 93
2 81
2 37
8 98
0 154
1 187
6 1
2 16
2 286
8 301
5 67
2 5
8 72
0 147
2 69
6 97
8 110
8 59
7 115
2 75
1 158
1 307
2 102
6 214
9 114
8 109
0 9
7 16
6 91
7 390
4 143
9 207
0 76
2 133
1 129
5 11
4 20
0 5
4 132
9 214
0 26
1 25
1 168
0 237
4 211
1 61
3 14
0 9
5 82
3 33
4 35
0 5
9 35
3 22
9 48
9 420
3 49
6 167
5 130
5 168
5 5
9 85
4 98
4 26
9 66
0 108
7 40
5 3
0 161
1 82
3 67
2 63
8 237
3 152
2 28
8 95
9 120
6 18
8 18
5 20
2 36
6 29
8 93
2 91
7 21
3 10
1 40
5 176
2 52
6 113
2 97
9 71
3 150
6 54
3 39
0 12
0 229
7 169
8 69
5 24
7 89
5 29
2 22
2 14
6 64
2 127
8 20
4 100
0 217
0 236
4 30
3 129
8 202
4 9
0 1
8 47
0 37
0 16
8 24
5 128
6 143
0 117
0 115
8 15
4 62
2 11
5 181
3 248
4 347
5 194
2 128
5 41
8 32
5 27
3 21
2 6
9 62
0 30
4 37
9 170
9 64
2 129
0 23
7 57
7 101
2 70
2 23
1 109
9 72
0 172
7 140
0 7
7 36
6 148
3 400
4 197
8 4
7 128
9 194
0 324
9 100
5 312
2 19
7 18
8 129
1 47
8 24
9 112
8 194
6 96
8 715
4 82
8 117
7 58
8 43
7 272
2 83
7 54
8 286
1 80
4 57
9 104
9 376
1 130
9 25
7 232
0 7
8 131
2 63
1 53
3 67
9 308
1 94
5 169
8 26
1 145
6 59
8 146
1 18
6 349
3 38
4 16
3 60
6 111
2 130
7 48
8 211
7 10
1 190
3 5
9 3
8 108
4 196
2 52
3 79
9 165
7 346
7 48
5 95
3 114
1 155
4 68
8 12
6 1
4 68
4 139
8 74
9 50
6 60
1 66
4 15
3 18
5 104
3 29
0 10
3 512
7 103
9 16
4 86
0 45
5 182
8 31
5 64
3 139
2 88
2 47
1 380
9 280
7 465
3 59
2 23
1 74
3 33
6 122
1 136
0 196
9 31
5 15
6 5
6 3
1 28
5 18
8 6
9 43
8 12
4 142
0 4
9 37
4 19
2 15
5 127
2 145
3 102
7 39
4 14
6 91
9 61
5 184
4 17
1 5
0 4
1 20
5 107
5 22
6 207
0 16
5 10
9 14
1 161
1 134
3 140
0 55
4 12
7 73
9 50
4 7
8 24
9 95
6 28
6 86
5 40
5 53
6 131
2 14
3 120
8 59
8 1
0 10
3 227
6 118
7 87
7 33
2 236
7 107
3 142
6 49
0 42
7 31
2 370
1 74
9 161
4 22
6 123
7 143
4 105
0 10
8 161
0 26
7 50
3 13
3 50
5 227
2 102
0 66
0 153
3 88
7 85
3 137
3 61
4 48
2 91
0 67
0 361
8 43
4 41
8 13
6 87
3 125
3 164
4 123
3 161
4 45
6 22
7 20
0 58
2 122
7 22
0 66
6 194
5 208
6 27
5 432
0 213
9 302
3 179
2 138
0 215
3 105
8 177
5 155
5 65
9 55
8 65
2 90
6 7
6 38
6 102
8 119
3 69
0 66
2 22
1 474
3 39
5 110
9 154
6 138
7 30
6 10
4 31
8 75
9 15
4 10
6 16
7 46
2 60
0 172
4 36
4 8
5 40
3 3
9 29
2 90
8 70
9 1
6 45
6 223
1 296
0 190
3 31
7 52
3 17
4 141
8 25
3 1
0 288
4 91
8 43
6 3
9 97
6 97
1 113
6 178
6 5
1 137
6 67
7 21
8 158
2 225
8 103
9 88
9 27
2 115
8 387
0 149
3 61
9 27
1 42
8 131
1 54
5 69
5 155
4 21
2 66
3 34
0 199
6 36
0 317
7 11
3 34
6 66
5 76
7 16
1 2
9 29
0 340
0 120
5 30
1 253
5 166
8 10
8 10
8 97
6 231
3 141
5 131
8 14
8 340
7 4
0 61
3 91
0 6
7 57
8 1
2 155
8 222
5 9
1 77
7 48
4 15
7 308
7 24
7 71
8 5
1 164
8 71
2 111
0 149
5 141
3 153
2 7
6 24
3 56
0 225
2 204
4 40
4 3
8 14
6 92
6 232
8 346
9 115
4 54
1 147
5 8
9 66
1 32
9 69
0 92
0 74
0 348
0 112
6 33
8 204
2 449
3 6
1 83
6 84
1 38
0 59
2 63
4 8
6 81
0 171
7 80
9 16
3 43
9 36
8 13
8 152
6 211
2 67
4 17
2 26
3 93
4 289
0 78
5 337
9 187
3 73
6 142
3 167
2 23
3 101
4 26
5 79
8 3
3 299
9 98
9 3
9 23
0 208
8 70
9 350
6 122
8 79
4 269
5 86
2 33
4 45
1 2
4 22
0 73
4 41
8 83
7 14
2 157
2 378
1 1
8 42
5 8
7 56
5 376
6 14
7 174
1 109
3 54
0 84
5 152
2 123
1 39
0 27
1 122
3 108
0 106
7 4
3 61
9 92
0 498
6 40
1 69
1 197
1 178
7 261
4 158
0 32
8 96
0 169
8 44
1 87
6 26
0 166
4 159
5 103
3 369
7 390
8 46
1 23
5 250
4 137
3 25
8 138
6 94
1 20
9 103
2 168
5 80
8 23
3 1
5 78
3 89
2 71
2 4
4 14
2 7
2 15
4 180
4 17
9 21
2 58
1 18
0 90
2 190
5 39
2 100
4 89
1 50
3 32
2 111
5 317
7 77
4 480
1 41
2 192
4 69
2 59
0 188
1 22
7 196
3 45
9 135
0 134
7 153
9 44
4 101
3 57
0 16
5 3
9 1
2 105
7 28
7 159
8 7
3 50
2 46
7 143
7 11
7 79
3 49
8 158
1 125
8 62
3 13
0 52
5 15
0 58
7 155
1 15
6 186
1 69
6 9
3 115
8 79
3 73
3 1
2 25
0 60
4 274
9 21
5 32
7 58
6 206
7 23
5 13
8 410
7 95
2 143
1 53
2 137
4 494
4 94
9 20
7 129
2 68
5 281
8 120
4 118
7 7
2 65
6 165
6 92
7 306
2 69
3 19
3 108
4 18
0 41
0 28
5 11
1 77
9 21
0 389
2 267
7 9
4 6
2 122
9 49
7 15
4 247
4 70
9 80
6 9
8 18
8 104
8 101
0 145
5 212
4 64
3 34
4 51
7 63
2 65
2 5
3 129
1 103
5 116
2 60
5 31
8 17
8 67
5 128
9 124
5 365
9 23
3 211
7 74
0 21
8 213
4 59
1 182
5 13
0 75
5 6
3 20
5 224
4 54
1 2
3 174
8 105
5 57
7 14
6 55
5 13
7 10
7 36
6 48
3 3
8 30
0 64
2 48
0 32
2 159
0 199
2 45
9 96
7 95
3 6
5 185
0 96
1 72
4 110
3 27
5 5
8 216
7 174
9 57
2 72
3 93
7 100
7 93
3 86
9 51
2 4
2 12
3 147
1 41
8 60
9 6
9 186
9 114
0 54
9 64
1 109
3 32
6 6
0 101
3 22
3 63
8 68
0 458
8 192
8 177
5 29
2 22
4 158
5 23
1 40
1 15
3 69
6 99
6 178
2 37
2 44
3 31
0 24
0 87
0 118
9 16
5 91
3 4
3 31
1 37
9 26
0 113
9 60
8 386
1 121
5 35
8 43
9 49
7 98
7 321
7 70
2 127
3 88
9 90
8 39
0 123
8 1
2 19
7 24
1 38
4 18
1 83
6 204
1 16
7 32
5 77
3 3
7 67
4 93
4 30
7 51
1 3
4 93
8 66
3 21
2 148
4 108
0 84
9 27
8 104
6 164
5 58
0 85
9 48
8 252
9 202
2 27
1 179
8 101
3 150
7 11
6 193
9 103
0 48
0 96
8 68
2 150
4 200
7 159
4 340
7 104
4 245
8 8
0 35
2 219
0 142
3 312
1 91
2 150
2 4
6 389
6 186
0 6
9 165
0 58
4 60
8 35
8 8
1 712
3 33
9 8
5 29
2 90
1 66
7 252
9 5
4 19
5 12
8 103
2 29
7 12
6 32
7 22
7 14
6 51
2 169
3 3
3 10
3 35
8 106
4 40
8 99
1 115
2 30
9 142
1 154
7 282
0 18
3 36
0 146
0 195
7 82
9 233
4 68
5 74
4 47
5 102
6 24
7 247
2 59
3 89
4 71
3 16
1 126
8 207
9 29
3 26
4 14
5 178
9 51
2 48
4 68
9 1
7 13
8 26
6 13
0 9
5 64
0 19
7 22
0 43
7 29
8 102
2 130
5 62
0 245
7 162
2 39
3 24
6 50
3 95
7 175
2 17
3 90
3 228
1 85
6 54
7 173
1 227
7 2
1 77
9 53
1 26
8 41
0 73
9 20
1 300
3 141
5 184
9 30
9 53
6 21
1 15
7 16
7 73
6 88
8 50
5 110
4 147
5 92
2 41
3 45
2 7
9 95
4 123
0 4
5 63
5 117
1 127
5 193
1 36
5 67
2 228
3 42
1 106
2 5
3 82
6 130
7 129
1 14
9 313
7 9
4 289
9 364
4 263
5 9
6 48
8 77
4 70
8 32
0 224
4 90
7 190
2 128
6 98
5 10
9 12
5 32
0 37
0 183
8 200
0 196
7 26
8 228
9 114
9 13
5 77
0 9
1 106
3 329
9 120
4 6
3 27
7 24
9 128
1 239
1 81
9 27
1 48
8 40
3 35
0 429
0 5
9 21
1 16
9 57
5 192
8 1
5 175
0 105
7 192
4 53
5 59
5 126
7 167
6 9
1 81
2 50
0 6
8 26
8 3
1 56
8 14
6 183
4 429
9 19
5 55
7 268
8 76
2 339
4 148
9 81
0 67
0 232
7 93
6 95
6 2
1 72
9 25
0 167
7 81
4 46
2 48
0 130
0 363
1 63
3 225
0 105
7 39
0 89
5 1
6 4
1 234
7 25
4 48
8 129
2 153
4 65
7 9
9 51
2 111
6 5
2 119
9 105
4 28
0 34
6 45
5 138
1 131
1 13
7 122
5 99
6 28
1 77
1 28
2 9
3 51
4 101
2 71
7 3
2 10
3 103
3 116
0 162
7 208
9 15
4 27
2 1
6 46
6 54
7 6
7 162
1 112
8 189
5 206
2 29
4 205
5 101
1 14
3 71
8 1
3 66
0 110
1 104
3 222
5 57
6 47
7 159
1 52
7 190
4 312
5 68
5 109
0 8
3 130
2 344
2 169
4 76
8 28
9 167
5 81
5 23
6 203
1 6
4 313
6 125
5 255
0 76
8 33
1 159
9 108
4 25
4 101
6 86
7 69
7 37
0 21
8 25
7 45
2 16
2 190
5 109
1 230
4 132
7 94
2 163
5 1
4 197
3 263
3 6
4 2
7 96
4 129
2 114
1 173
7 83
5 199
5 87
0 15
1 56
9 22
7 21
7 58
4 80
4 16
7 103
6 91
2 299
7 119
7 10
3 160
2 274
6 274
9 50
6 127
6 177
5 42
5 123
6 10
0 62
4 34
0 56
3 459
6 104
6 179
0 16
1 225
8 91
8 149
0 177
1 41
8 47
6 58
1 71
3 184
8 11
6 112
2 30
4 1
3 61
1 110
2 71
5 35
4 6
6 152
8 67
8 182
8 185
9 377
5 107
6 18
9 13
0 264
6 398
2 433
9 23
7 46
1 114
5 5
6 174
5 78
6 102
5 79
5 143
4 179
7 4
1 88
7 85
7 20
9 122
9 94
7 173
4 110
7 5
4 246
1 178
5 68
3 144
5 71
0 35
2 124
0 4
3 302
8 119
2 3
6 1
0 175
3 81
5 37
2 18
7 47
8 118
2 96
8 40
4 92
1 94
2 11
2 14
9 64
1 4
5 89
2 22
7 185
7 215
4 185
8 81
4 66
8 198
3 93
5 56
4 284
9 5
8 102
6 103
8 88
6 134
2 109
6 16
3 42
2 73
3 229
4 83
9 43
6 4
9 134
3 52
1 43
8 87
6 51
6 226
2 117
3 169
4 348
8 52
7 35
8 110
9 15
3 2
0 323
5 36
2 76
3 8
8 83
8 41
5 15
1 55
3 28
2 123
7 93
4 14
7 47
5 218
1 116
3 50
3 134
3 208
7 71
5 174
0 20
7 16
2 143
2 31
9 407
5 121
9 254
8 265
9 159
9 379
7 171
1 394
9 73
4 2
6 198
9 65
9 19
7 361
3 33
1 26
5 101
1 200
0 24
5 21
2 120
6 80
3 18
5 68
2 75
8 56
4 165
1 246
9 78
0 52
7 8
5 160
7 66
9 115
4 149
7 105
6 180
5 89
3 6
2 80
0 14
0 63
3 103
7 197
2 57
5 144
3 49
5 156
6 91
8 315
8 22
1 115
0 86
3 7
2 102
7 130
9 42
2 51
0 6
3 14
3 145
5 56
1 99
6 6
7 6
6 70
1 188
3 84
9 218
7 38
7 161
4 49
7 130
6 218
7 276
4 107
5 48
8 140
9 278
5 279
3 10
7 94
3 21
1 114
2 120
5 6
7 15
3 76
3 73
6 298
6 21
0 54
5 78
2 20
2 43
7 140
4 111
9 44
5 156
3 138
5 175
0 16
2 42
6 47
0 20
4 187
2 50
6 102
1 209
9 170
6 244
3 121
3 38
8 42
9 118
5 63
0 12
9 35
6 25
9 6
8 15
5 144
4 33
3 23
1 80
7 7
5 22
2 16
3 26
4 79
2 295
2 20
2 118
1 7
7 148
9 18
7 73
6 145
3 111
0 93
2 5
7 348
6 221
4 87
8 154
0 43
2 53
0 206
7 5
3 82
2 66
1 506
7 161
4 114
4 327
1 240
6 136
2 50
6 50
7 17
6 91
8 46
6 48
1 44
4 13
7 86
9 23
8 123
5 273
7 489
8 79
7 59
7 43
9 11
7 64
3 172
5 200
4 8
7 126
6 7
9 18
5 9
1 238
9 16
8 58
8 47
4 152
4 130
4 17
8 76
8 130
8 26
5 29
3 21
6 372
1 8
3 5
2 135
2 144
5 47
7 36
9 140
2 127
8 145
0 51
8 354
7 307
4 29
4 121
7 53
8 5
4 337
2 81
5 335
0 50
9 136
6 28
6 21
6 333
2 68
5 131
9 12
5 26
4 28
4 210
0 56
6 62
7 153
2 69
6 39
9 313
8 209
8 10
6 85
0 73
2 94
2 127
9 311
8 17
5 37
1 367
6 48
1 7
9 118
7 11
1 41
0 256
6 30
5 48
1 29
6 17
0 8
2 93
2 97
5 108
0 83
5 20
8 175
7 57
7 54
2 85
6 55
6 18
0 16
9 132
5 1
9 185
5 216
1 30
5 12
4 56
5 4
8 170
7 32
0 67
0 124
3 190
2 18
7 29
8 395
9 73
1 18
0 70
3 8
8 64
3 123
9 423
8 3
4 55
7 37
1 120
9 94
2 22
4 19
6 22
7 23
6 83
5 128
7 166
4 127
1 239
5 166
3 429
9 70
6 57
1 137
5 34
2 143
3 88
7 61
3 89
2 245
3 203
1 237
4 56
1 228
7 236
5 50
9 561
4 69
8 30
8 1
0 131
5 130
0 39
3 41
9 41
2 32
5 14
4 33
4 23
9 54
0 64
9 67
8 55
2 82
6 218
6 34
8 28
0 37
7 131
8 16
2 48
3 218
1 28
0 39
6 46
2 273
9 61
4 21
5 62
7 194
3 1
3 6
0 46
9 121
8 95
0 73
0 319
9 102
0 253
9 61
3 1
3 2
2 36
0 34
9 22
4 1
3 60
2 185
3 182
9 36
5 63
0 200
5 109
0 29
6 117
7 17
1 85
7 320
0 17
3 78
7 51
6 35
7 107
1 105
0 153
1 268
7 176
0 44
0 42
0 58
3 40
0 38
9 97
3 529
1 83
7 153
6 33
7 21
3 8
4 26
6 1
1 18
6 17
8 32
0 216
0 109
8 7
4 44
8 101
4 35
4 57
7 561
9 53
8 27
7 100
4 305
7 119
3 295
5 344
2 52
7 25
7 167
5 500
0 128
8 30
2 4
2 52
9 8
2 47
7 227
6 54
6 166
5 67
1 138
6 292
5 26
9 12
4 88
9 78
2 236
4 312
9 33
4 62
6 62
6 60
6 16
6 107
3 15
4 163
7 524
5 48
3 63
4 37
1 171
1 6
2 35
7 6
0 31
4 1
4 39
2 295
6 23
0 161
6 34
5 121
0 16
7 8
2 163
2 102
4 107
1 3
5 4
3 88
7 108
5 162
6 61
2 520
1 7
7 2
5 50
8 48
4 14
1 154
9 77
9 12
3 13
3 21
4 71
1 92
3 44
9 169
8 249
1 7
7 345
0 622
5 2
6 158
0 12
6 581
7 232
8 72
9 126
1 19
3 331
7 9
1 183
4 319
9 115
1 91
9 95
6 60
4 279
3 50
1 128
0 59
0 26
0 55
2 297
6 182
2 35
5 4
7 86
6 110
2 36
2 86
8 44
6 2
4 42
0 102
9 73
9 47
8 58
5 85
4 29
3 27
6 15
0 109
9 44
4 89
7 1
5 105
7 15
1 71
8 85
9 37
1 21
5 38
7 13
1 29
3 560
8 29
0 215
4 191
8 35
7 36
9 26
6 72
8 191
3 22
8 78
2 7
9 112
7 126
2 27
8 9
1 480
5 87
6 51
6 147
2 107
4 72
0 22
4 107
9 56
8 22
2 26
9 39
9 76
0 19
4 16
1 291
2 73
4 117
3 421
0 222
5 119
3 10
2 11
4 10
7 94
7 128
1 67
7 63
6 17
1 52
6 219
2 50
9 63
1 72
9 63
5 22
8 28
9 32
5 48
5 72
9 17
5 35
4 122
8 144
6 6
2 137
2 46
8 146
0 4
2 35
9 40
3 283
9 17
3 4
2 5
0 48
0 87
7 9
3 70
3 97
1 127
8 44
2 69
9 67
5 98
0 70
4 273
3 10
8 193
9 77
9 62
0 53
6 26
1 357
8 161
7 108
2 35
4 58
6 135
2 127
5 160
8 50
4 242
3 104
9 75
3 21
1 2
1 126
8 71
7 229
3 126
8 99
7 22
4 36
5 137
1 280
7 25
7 4
9 51
3 95
8 35
0 72
7 49
1 99
7 45
8 236
7 14
2 71
5 446
3 28
4 47
0 58
9 276
4 18
4 136
1 1
1 10
2 301
4 53
4 15
6 30
5 1
4 130
6 58
7 3
6 464
8 21
8 82
5 13
6 22
9 28
8 38
4 97
3 252
4 65
6 198
0 142
9 3
0 78
4 15
3 66
7 19
1 108
9 69
7 51
4 29
0 108
7 294
5 57
3 141
6 372
8 107
6 13
6 13
0 39
6 141
7 50
8 477
2 2
0 2
6 11
3 216
3 210
6 100
0 358
8 81
1 111
3 340
3 4
2 38
1 34
1 246
8 124
7 25
9 8
2 5
6 61
4 26
0 99
3 14
2 124
8 33
4 55
3 277
0 24
1 25
5 172
4 66
0 64
4 4
6 111
2 51
4 915
5 5
2 29
6 132
1 42
1 6
6 80
1 71
7 453
2 22
6 97
7 16
1 22
0 7
2 5
9 27
8 234
7 75
0 235
5 113
3 13
5 73
9 51
2 208
7 159
0 24
7 100
4 220
7 48
5 118
0 66
0 12
1 8
8 31
7 14
3 82
4 19
8 63
4 165
3 125
6 58
2 80
2 39
0 10
4 6
8 26
7 37
6 95
0 39
5 89
7 64
1 12
2 167
4 64
0 149
1 11
0 172
5 12
2 100
1 22
0 163
3 187
9 39
2 27
3 10
0 191
8 19
1 6
8 10
7 55
3 52
6 302
5 9
9 76
4 313
1 151
8 42
8 116
4 58
5 141
4 13
8 111
4 5
3 110
8 106
3 79
4 33
5 15
6 221
1 49
1 62
1 224
6 97
7 224
0 41
6 5
0 73
4 39
6 39
8 2
0 51
0 114
4 30
8 151
8 67
3 403
4 17
0 65
8 74
3 13
2 134
4 5
2 30
3 392
4 14
5 16
9 38
9 45
1 3
1 33
1 50
0 12
4 1
9 58
4 178
4 310
8 10
3 270
1 20
9 124
8 67
9 151
7 62
7 7
4 9
6 3
5 83
0 231
1 49
5 54
7 67
9 13
3 168
9 107
4 26
7 64
1 90
2 45
8 1
9 95
2 87
9 241
8 151
3 145
4 26
1 63
8 209
4 253
1 149
0 21
2 343
5 28
3 19
5 537
2 104
2 107
1 159
3 134
0 34
5 98
2 155
6 63
1 595
4 108
6 10
2 27
7 33
8 208
1 53
2 7
7 184
1 140
8 730
5 114
1 73
4 3
6 132
6 9
3 424
3 116
8 23
0 105
4 30
0 72
1 82
6 52
9 46
2 136
0 93
9 44
4 119
3 16
8 396
1 21
3 118
5 118
0 15
6 28
3 368
4 9
5 33
6 162
1 115
2 28
8 159
1 51
6 58
0 136
5 298
7 17
8 71
3 91
9 4
7 29
2 122
1 30
0 11
2 159
8 107
5 123
3 69
1 49
4 293
3 48
0 12
2 13
0 267
7 112
0 175
2 31
4 54
7 93
3 95
6 59
5 116
6 62
0 36
9 24
2 123
6 281
6 110
2 109
0 33
7 171
4 40
7 50
5 174
8 108
7 215
4 98
1 212
5 508
4 62
7 26
6 28
6 112
1 229
7 202
9 27
0 133
4 229
1 33
1 36
2 208
7 14
8 138
1 8
7 18
7 93
7 154
4 7
3 19
9 2
9 47
8 25
6 210
0 95
2 36
2 121
2 16
6 281
4 103
0 178
7 199
8 85
8 101
5 238
6 133
8 119
5 65
9 55
0 22
3 45
0 94
8 9
6 40
8 21
9 251
7 22
4 123
9 4
0 108
6 69
1 164
4 155
3 41
8 36
5 71
7 7
1 172
1 38
6 136
0 9
2 263
1 253
4 1
4 133
5 104
6 173
1 161
0 32
6 25
9 38
1 15
0 97
6 27
4 39
3 45
4 64
5 132
2 72
0 42
0 427
0 106
7 51
7 324
1 365
5 162
5 247
8 206
3 61
0 13
8 48
4 66
7 41
1 11
4 219
0 316
7 112
5 130
5 90
3 84
3 2
6 92
6 108
1 17
0 218
8 105
2 15
8 47
8 24
0 266
0 204
8 54
9 31
6 62
7 53
8 259
3 83
2 125
1 223
0 138
2 53
7 45
4 166
4 13
3 20
5 49
5 5
8 93
5 10
8 152
3 174
6 73
7 10
0 183
0 440
0 39
6 32
9 40
6 197
6 35
3 24
7 78
0 10
0 150
1 141
6 13
0 175
3 136
9 253
4 46
9 86
9 242
1 82
4 12
4 105
0 37
4 36
7 412
7 8
8 1
8 49
7 146
9 139
6 20
1 395
2 40
2 53
6 41
5 15
6 103
9 33
9 113
0 165
7 124
2 453
4 89
3 8
5 9
8 233
3 38
8 8
7 16
0 81
4 56
1 58
7 56
8 64
7 148
2 181
3 337
7 59
6 7
2 79
3 24
0 18
2 16
4 286
4 40
0 147
4 58
5 10
9 225
3 155
9 106
0 76
9 64
3 44
9 113
2 123
4 26
6 114
3 25
2 175
4 29
4 4
7 77
1 58
3 33
5 34
6 9
8 43
0 117
1 23
3 63
9 1
1 16
4 31
2 154
1 299
5 62
8 44
5 3
0 16
5 90
1 55
4 159
5 10
8 6
1 76
1 142
3 269
5 134
9 155
6 127
1 139
9 17
6 69
1 6
6 116
6 83
6 50
4 25
9 108
4 344
6 19
2 136
7 175
0 46
5 59
1 67
4 180
2 244
1 36
7 587
5 25
5 247
7 39
0 51
3 5
9 68
1 64
9 22
7 214
2 73
9 11
8 146
2 1
5 209
7 46
5 89
9 137
2 31
0 205
4 117
6 8
3 1
8 116
3 16
1 160
0 20
5 206
5 59
4 200
7 66
7 185
7 12
8 379
0 277
0 61
1 73
3 13
9 3
4 76
0 15
7 4
6 115
7 230
6 64
3 78
3 75
6 38
8 44
4 192
6 163
2 149
9 31
1 55
9 45
5 611
7 29
4 101
8 20
7 61
9 11
9 116
8 22
0 151
3 49
5 64
4 12
9 105
1 72
1 21
1 29
8 20
7 14
8 12
7 21
0 130
8 21
7 204
0 169
3 158
8 323
9 412
7 58
2 23
0 173
6 94
8 178
0 121
0 312
4 62
2 55
8 27
6 36
8 66
5 222
3 126
7 130
5 22
7 199
5 548
9 67
9 33
0 44
7 401
9 1
6 140
5 61
0 16
0 190
2 99
8 173
1 198
3 27
0 2
0 64
1 95
1 95
9 165
6 159
7 79
4 9
0 150
6 27
4 74
0 393
2 122
4 163
7 44
2 71
8 49
4 3
0 168
1 60
3 102
2 131
8 7
2 87
8 167
4 5
1 15
7 60
9 23
9 186
7 29
7 41
2 172
9 68
1 89
4 35
8 4
8 31
7 358
0 7
9 23
0 38
3 156
0 13
9 33
6 348
2 19
1 50
8 11
3 81
2 111
1 16
6 17
4 192
7 152
5 20
5 106
6 78
6 108
3 127
9 116
9 76
5 123
8 102
1 317
1 76
6 60
7 18
8 186
9 14
4 13
2 114
2 213
7 53
0 32
4 214
5 178
5 97
0 180
0 54
0 482
0 84
6 87
7 49
7 73
8 7
0 59
4 37
7 232
5 42
5 18
8 165
4 19
0 591
8 169
9 51
6 112
4 66
1 37
4 107
9 88
6 8
4 133
9 22
3 12
8 97
3 288
1 27
2 53
1 64
1 42
5 17
9 64
2 150
9 38
8 171
9 301
8 35
5 18
4 26
8 149
7 7
6 41
3 25
6 22
3 28
0 79
0 170
6 41
0 33
1 41
0 351
6 100
7 11
9 2
2 1
8 329
4 5
8 57
3 130
8 62
3 68
9 16
3 85
5 24
6 118
9 118
2 49
4 37
7 169
9 29
0 35
4 160
6 200
1 121
8 131
0 11
3 560
3 48
6 80
9 120
0 6
4 186
6 157
5 171
0 4
9 88
6 79
2 165
6 12
3 220
5 22
7 134
7 51
0 4
6 10
9 19
7 158
9 219
9 107
6 20
9 88
7 60
6 39
0 95
2 45
2 103
4 34
9 134
7 24
1 202
1 348
3 25
1 369
1 47
3 110
1 49
2 12
7 14
0 42
0 135
4 177
2 54
0 21
8 173
2 92
9 14
5 135
0 83
2 235
3 47
0 97
3 241
6 34
6 143
6 156
6 30
7 189
2 19
7 53
9 31
0 28
3 115
9 139
6 115
8 67
1 6
6 19
1 216
6 62
0 163
2 32
5 7
8 94
2 104
0 49
7 116
0 59
4 439
5 239
6 64
2 40
4 67
0 13
